{"h": 16, "w": 16, "pixels": [[[0, 0, 190], [0, 17, 227], [0, 34, 8], [0, 51, 45], [0, 68, 82], [0, 85, 119], [0, 102, 156], [0, 119, 193], [0, 136, 230], [0, 153, 11], [0, 170, 48], [0, 187, 85], [0, 204, 122], [0, 221, 159], [0, 238, 196], [0, 255, 233]], [[17, 0, 227], [17, 17, 8], [17, 34, 45], [17, 51, 82], [17, 68, 119], [17, 85, 156], [17, 102, 193], [17, 119, 230], [17, 136, 11], [17, 153, 48], [17, 170, 85], [17, 187, 122], [17, 204, 159], [17, 221, 196], [17, 238, 233], [17, 255, 14]], [[34, 0, 8], [34, 17, 45], [34, 34, 82], [34, 51, 119], [34, 68, 156], [34, 85, 193], [34, 102, 230], [34, 119, 11], [34, 136, 48], [34, 153, 85], [34, 170, 122], [34, 187, 159], [34, 204, 196], [34, 221, 233], [34, 238, 14], [34, 255, 51]], [[51, 0, 45], [51, 17, 82], [51, 34, 119], [51, 51, 156], [51, 68, 193], [51, 85, 230], [51, 102, 11], [51, 119, 48], [51, 136, 85], [51, 153, 122], [51, 170, 159], [51, 187, 196], [51, 204, 233], [51, 221, 14], [51, 238, 51], [51, 255, 88]], [[68, 0, 82], [68, 17, 119], [68, 34, 156], [68, 51, 193], [68, 68, 230], [68, 85, 11], [68, 102, 48], [68, 119, 85], [68, 136, 122], [68, 153, 159], [68, 170, 196], [68, 187, 233], [68, 204, 14], [68, 221, 51], [68, 238, 88], [68, 255, 125]], [[85, 0, 119], [85, 17, 156], [85, 34, 193], [85, 51, 230], [85, 68, 11], [85, 85, 48], [85, 102, 85], [85, 119, 122], [85, 136, 159], [85, 153, 196], [85, 170, 233], [85, 187, 14], [85, 204, 51], [85, 221, 88], [85, 238, 125], [85, 255, 162]], [[102, 0, 156], [102, 17, 193], [102, 34, 230], [102, 51, 11], [102, 68, 48], [102, 85, 85], [102, 102, 122], [102, 119, 159], [102, 136, 196], [102, 153, 233], [102, 170, 14], [102, 187, 51], [102, 204, 88], [102, 221, 125], [102, 238, 162], [102, 255, 199]], [[119, 0, 193], [119, 17, 230], [119, 34, 11], [119, 51, 48], [119, 68, 85], [119, 85, 122], [119, 102, 159], [119, 119, 196], [119, 136, 233], [119, 153, 14], [119, 170, 51], [119, 187, 88], [119, 204, 125], [119, 221, 162], [119, 238, 199], [119, 255, 236]], [[136, 0, 230], [136, 17, 11], [136, 34, 48], [136, 51, 85], [136, 68, 122], [136, 85, 159], [136, 102, 196], [136, 119, 233], [136, 136, 14], [136, 153, 51], [136, 170, 88], [136, 187, 125], [136, 204, 162], [136, 221, 199], [136, 238, 236], [136, 255, 17]], [[153, 0, 11], [153, 17, 48], [153, 34, 85], [153, 51, 122], [153, 68, 159], [153, 85, 196], [153, 102, 233], [153, 119, 14], [153, 136, 51], [153, 153, 88], [153, 170, 125], [153, 187, 162], [153, 204, 199], [153, 221, 236], [153, 238, 17], [153, 255, 54]], [[170, 0, 48], [170, 17, 85], [170, 34, 122], [170, 51, 159], [170, 68, 196], [170, 85, 233], [170, 102, 14], [170, 119, 51], [170, 136, 88], [170, 153, 125], [170, 170, 162], [170, 187, 199], [170, 204, 236], [170, 221, 17], [170, 238, 54], [170, 255, 91]], [[187, 0, 85], [187, 17, 122], [187, 34, 159], [187, 51, 196], [187, 68, 233], [187, 85, 14], [187, 102, 51], [187, 119, 88], [187, 136, 125], [187, 153, 162], [187, 170, 199], [187, 187, 236], [187, 204, 17], [187, 221, 54], [187, 238, 91], [187, 255, 128]], [[204, 0, 122], [204, 17, 159], [204, 34, 196], [204, 51, 233], [204, 68, 14], [204, 85, 51], [204, 102, 88], [204, 119, 125], [204, 136, 162], [204, 153, 199], [204, 170, 236], [204, 187, 17], [204, 204, 54], [204, 221, 91], [204, 238, 128], [204, 255, 165]], [[221, 0, 159], [221, 17, 196], [221, 34, 233], [221, 51, 14], [221, 68, 51], [221, 85, 88], [221, 102, 125], [221, 119, 162], [221, 136, 199], [221, 153, 236], [221, 170, 17], [221, 187, 54], [221, 204, 91], [221, 221, 128], [221, 238, 165], [221, 255, 202]], [[238, 0, 196], [238, 17, 233], [238, 34, 14], [238, 51, 51], [238, 68, 88], [238, 85, 125], [238, 102, 162], [238, 119, 199], [238, 136, 236], [238, 153, 17], [238, 170, 54], [238, 187, 91], [238, 204, 128], [238, 221, 165], [238, 238, 202], [238, 255, 239]], [[255, 0, 233], [255, 17, 14], [255, 34, 51], [255, 51, 88], [255, 68, 125], [255, 85, 162], [255, 102, 199], [255, 119, 236], [255, 136, 17], [255, 153, 54], [255, 170, 91], [255, 187, 128], [255, 204, 165], [255, 221, 202], [255, 238, 239], [255, 255, 20]]]}