{"h": 16, "w": 16, "pixels": [[[0, 0, 46], [0, 17, 83], [0, 34, 120], [0, 51, 157], [0, 68, 194], [0, 85, 231], [0, 102, 12], [0, 119, 49], [0, 136, 86], [0, 153, 123], [0, 170, 160], [0, 187, 197], [0, 204, 234], [0, 221, 15], [0, 238, 52], [0, 255, 89]], [[17, 0, 83], [17, 17, 120], [17, 34, 157], [17, 51, 194], [17, 68, 231], [17, 85, 12], [17, 102, 49], [17, 119, 86], [17, 136, 123], [17, 153, 160], [17, 170, 197], [17, 187, 234], [17, 204, 15], [17, 221, 52], [17, 238, 89], [17, 255, 126]], [[34, 0, 120], [34, 17, 157], [34, 34, 194], [34, 51, 231], [34, 68, 12], [34, 85, 49], [34, 102, 86], [34, 119, 123], [34, 136, 160], [34, 153, 197], [34, 170, 234], [34, 187, 15], [34, 204, 52], [34, 221, 89], [34, 238, 126], [34, 255, 163]], [[51, 0, 157], [51, 17, 194], [51, 34, 231], [51, 51, 12], [51, 68, 49], [51, 85, 86], [51, 102, 123], [51, 119, 160], [51, 136, 197], [51, 153, 234], [51, 170, 15], [51, 187, 52], [51, 204, 89], [51, 221, 126], [51, 238, 163], [51, 255, 200]], [[68, 0, 194], [68, 17, 231], [68, 34, 12], [68, 51, 49], [68, 68, 86], [68, 85, 123], [68, 102, 160], [68, 119, 197], [68, 136, 234], [68, 153, 15], [68, 170, 52], [68, 187, 89], [68, 204, 126], [68, 221, 163], [68, 238, 200], [68, 255, 237]], [[85, 0, 231], [85, 17, 12], [85, 34, 49], [85, 51, 86], [85, 68, 123], [85, 85, 160], [85, 102, 197], [85, 119, 234], [85, 136, 15], [85, 153, 52], [85, 170, 89], [85, 187, 126], [85, 204, 163], [85, 221, 200], [85, 238, 237], [85, 255, 18]], [[102, 0, 12], [102, 17, 49], [102, 34, 86], [102, 51, 123], [102, 68, 160], [102, 85, 197], [102, 102, 234], [102, 119, 15], [102, 136, 52], [102, 153, 89], [102, 170, 126], [102, 187, 163], [102, 204, 200], [102, 221, 237], [102, 238, 18], [102, 255, 55]], [[119, 0, 49], [119, 17, 86], [119, 34, 123], [119, 51, 160], [119, 68, 197], [119, 85, 234], [119, 102, 15], [119, 119, 52], [119, 136, 89], [119, 153, 126], [119, 170, 163], [119, 187, 200], [119, 204, 237], [119, 221, 18], [119, 238, 55], [119, 255, 92]], [[136, 0, 86], [136, 17, 123], [136, 34, 160], [136, 51, 197], [136, 68, 234], [136, 85, 15], [136, 102, 52], [136, 119, 89], [136, 136, 126], [136, 153, 163], [136, 170, 200], [136, 187, 237], [136, 204, 18], [136, 221, 55], [136, 238, 92], [136, 255, 129]], [[153, 0, 123], [153, 17, 160], [153, 34, 197], [153, 51, 234], [153, 68, 15], [153, 85, 52], [153, 102, 89], [153, 119, 126], [153, 136, 163], [153, 153, 200], [153, 170, 237], [153, 187, 18], [153, 204, 55], [153, 221, 92], [153, 238, 129], [153, 255, 166]], [[170, 0, 160], [170, 17, 197], [170, 34, 234], [170, 51, 15], [170, 68, 52], [170, 85, 89], [170, 102, 126], [170, 119, 163], [170, 136, 200], [170, 153, 237], [170, 170, 18], [170, 187, 55], [170, 204, 92], [170, 221, 129], [170, 238, 166], [170, 255, 203]], [[187, 0, 197], [187, 17, 234], [187, 34, 15], [187, 51, 52], [187, 68, 89], [187, 85, 126], [187, 102, 163], [187, 119, 200], [187, 136, 237], [187, 153, 18], [187, 170, 55], [187, 187, 92], [187, 204, 129], [187, 221, 166], [187, 238, 203], [187, 255, 240]], [[204, 0, 234], [204, 17, 15], [204, 34, 52], [204, 51, 89], [204, 68, 126], [204, 85, 163], [204, 102, 200], [204, 119, 237], [204, 136, 18], [204, 153, 55], [204, 170, 92], [204, 187, 129], [204, 204, 166], [204, 221, 203], [204, 238, 240], [204, 255, 21]], [[221, 0, 15], [221, 17, 52], [221, 34, 89], [221, 51, 126], [221, 68, 163], [221, 85, 200], [221, 102, 237], [221, 119, 18], [221, 136, 55], [221, 153, 92], [221, 170, 129], [221, 187, 166], [221, 204, 203], [221, 221, 240], [221, 238, 21], [221, 255, 58]], [[238, 0, 52], [238, 17, 89], [238, 34, 126], [238, 51, 163], [238, 68, 200], [238, 85, 237], [238, 102, 18], [238, 119, 55], [238, 136, 92], [238, 153, 129], [238, 170, 166], [238, 187, 203], [238, 204, 240], [238, 221, 21], [238, 238, 58], [238, 255, 95]], [[255, 0, 89], [255, 17, 126], [255, 34, 163], [255, 51, 200], [255, 68, 237], [255, 85, 18], [255, 102, 55], [255, 119, 92], [255, 136, 129], [255, 153, 166], [255, 170, 203], [255, 187, 240], [255, 204, 21], [255, 221, 58], [255, 238, 95], [255, 255, 132]]]}