{"h": 16, "w": 16, "pixels": [[[0, 0, 151], [0, 17, 188], [0, 34, 225], [0, 51, 6], [0, 68, 43], [0, 85, 80], [0, 102, 117], [0, 119, 154], [0, 136, 191], [0, 153, 228], [0, 170, 9], [0, 187, 46], [0, 204, 83], [0, 221, 120], [0, 238, 157], [0, 255, 194]], [[17, 0, 188], [17, 17, 225], [17, 34, 6], [17, 51, 43], [17, 68, 80], [17, 85, 117], [17, 102, 154], [17, 119, 191], [17, 136, 228], [17, 153, 9], [17, 170, 46], [17, 187, 83], [17, 204, 120], [17, 221, 157], [17, 238, 194], [17, 255, 231]], [[34, 0, 225], [34, 17, 6], [34, 34, 43], [34, 51, 80], [34, 68, 117], [34, 85, 154], [34, 102, 191], [34, 119, 228], [34, 136, 9], [34, 153, 46], [34, 170, 83], [34, 187, 120], [34, 204, 157], [34, 221, 194], [34, 238, 231], [34, 255, 12]], [[51, 0, 6], [51, 17, 43], [51, 34, 80], [51, 51, 117], [51, 68, 154], [51, 85, 191], [51, 102, 228], [51, 119, 9], [51, 136, 46], [51, 153, 83], [51, 170, 120], [51, 187, 157], [51, 204, 194], [51, 221, 231], [51, 238, 12], [51, 255, 49]], [[68, 0, 43], [68, 17, 80], [68, 34, 117], [68, 51, 154], [68, 68, 191], [68, 85, 228], [68, 102, 9], [68, 119, 46], [68, 136, 83], [68, 153, 120], [68, 170, 157], [68, 187, 194], [68, 204, 231], [68, 221, 12], [68, 238, 49], [68, 255, 86]], [[85, 0, 80], [85, 17, 117], [85, 34, 154], [85, 51, 191], [85, 68, 228], [85, 85, 9], [85, 102, 46], [85, 119, 83], [85, 136, 120], [85, 153, 157], [85, 170, 194], [85, 187, 231], [85, 204, 12], [85, 221, 49], [85, 238, 86], [85, 255, 123]], [[102, 0, 117], [102, 17, 154], [102, 34, 191], [102, 51, 228], [102, 68, 9], [102, 85, 46], [102, 102, 83], [102, 119, 120], [102, 136, 157], [102, 153, 194], [102, 170, 231], [102, 187, 12], [102, 204, 49], [102, 221, 86], [102, 238, 123], [102, 255, 160]], [[119, 0, 154], [119, 17, 191], [119, 34, 228], [119, 51, 9], [119, 68, 46], [119, 85, 83], [119, 102, 120], [119, 119, 157], [119, 136, 194], [119, 153, 231], [119, 170, 12], [119, 187, 49], [119, 204, 86], [119, 221, 123], [119, 238, 160], [119, 255, 197]], [[136, 0, 191], [136, 17, 228], [136, 34, 9], [136, 51, 46], [136, 68, 83], [136, 85, 120], [136, 102, 157], [136, 119, 194], [136, 136, 231], [136, 153, 12], [136, 170, 49], [136, 187, 86], [136, 204, 123], [136, 221, 160], [136, 238, 197], [136, 255, 234]], [[153, 0, 228], [153, 17, 9], [153, 34, 46], [153, 51, 83], [153, 68, 120], [153, 85, 157], [153, 102, 194], [153, 119, 231], [153, 136, 12], [153, 153, 49], [153, 170, 86], [153, 187, 123], [153, 204, 160], [153, 221, 197], [153, 238, 234], [153, 255, 15]], [[170, 0, 9], [170, 17, 46], [170, 34, 83], [170, 51, 120], [170, 68, 157], [170, 85, 194], [170, 102, 231], [170, 119, 12], [170, 136, 49], [170, 153, 86], [170, 170, 123], [170, 187, 160], [170, 204, 197], [170, 221, 234], [170, 238, 15], [170, 255, 52]], [[187, 0, 46], [187, 17, 83], [187, 34, 120], [187, 51, 157], [187, 68, 194], [187, 85, 231], [187, 102, 12], [187, 119, 49], [187, 136, 86], [187, 153, 123], [187, 170, 160], [187, 187, 197], [187, 204, 234], [187, 221, 15], [187, 238, 52], [187, 255, 89]], [[204, 0, 83], [204, 17, 120], [204, 34, 157], [204, 51, 194], [204, 68, 231], [204, 85, 12], [204, 102, 49], [204, 119, 86], [204, 136, 123], [204, 153, 160], [204, 170, 197], [204, 187, 234], [204, 204, 15], [204, 221, 52], [204, 238, 89], [204, 255, 126]], [[221, 0, 120], [221, 17, 157], [221, 34, 194], [221, 51, 231], [221, 68, 12], [221, 85, 49], [221, 102, 86], [221, 119, 123], [221, 136, 160], [221, 153, 197], [221, 170, 234], [221, 187, 15], [221, 204, 52], [221, 221, 89], [221, 238, 126], [221, 255, 163]], [[238, 0, 157], [238, 17, 194], [238, 34, 231], [238, 51, 12], [238, 68, 49], [238, 85, 86], [238, 102, 123], [238, 119, 160], [238, 136, 197], [238, 153, 234], [238, 170, 15], [238, 187, 52], [238, 204, 89], [238, 221, 126], [238, 238, 163], [238, 255, 200]], [[255, 0, 194], [255, 17, 231], [255, 34, 12], [255, 51, 49], [255, 68, 86], [255, 85, 123], [255, 102, 160], [255, 119, 197], [255, 136, 234], [255, 153, 15], [255, 170, 52], [255, 187, 89], [255, 204, 126], [255, 221, 163], [255, 238, 200], [255, 255, 237]]]}